# Created by Octave 5.1.0, Sat Apr 13 13:33:30 2019 EDT <jrminter@Johns-MacBook-Pro.local>
# name: v
# type: matrix
# rows: 5
# columns: 1
 0.50397519431988569
 0.87876350811613169
 0.76861986519918479
 0.38698639109479732
 0.10794755309446073


