# Created by Octave 5.1.0, Sat Apr 13 16:39:38 2019 GMT <unknown@crunch>
# name: v
# type: matrix
# rows: 5
# columns: 1
 0.54283161283449444
 0.43765436461980983
 0.56226851845661874
 0.56867132904248707
 0.92034633757186579


