# Created by Octave 5.1.0, Sun Apr 14 00:45:54 2019 GMT <unknown@JOHNMINTER2B1C>
# name: v
# type: matrix
# rows: 5
# columns: 1
 0.5083207740416541
 0.46640081586479482
 0.92545197285492475
 0.74339699767581602
 0.75543980038980607


