# Created by Octave 5.1.0, Fri Apr 12 19:22:47 2019 EDT <jrminter@Johns-MacBook-Pro.local>
# name: v
# type: matrix
# rows: 5
# columns: 1
 0.49626000376330909
 0.096903486729319852
 0.15200929348612052
 0.30113631871907159
 0.54639263798775395


